3702445 Golden_20.xml 46 2381.0 14.40
3702445 Golden_19.xml 39 1783.0 9.31
3702445 Golden_18.xml 33 1309.0 5.55
3702445 Golden_17.xml 27 965.0 3.15
3702445 Golden_16.xml 48 2291.0 20.38
3702445 Golden_15.xml 39 1781.0 11.44
3702445 Golden_14.xml 36 1500.0 6.39
3702445 Golden_13.xml 33 1191.0 3.41
3702445 Golden_12.xml 24 1455.0 21.33
3702445 Golden_11.xml 22 1178.0 12.01
3702445 Golden_10.xml 19 933.0 6.75
3702445 Golden_09.xml 17 732.0 3.62
3702445 Golden_08.xml 13 17395.0 16.13
3702445 Golden_07.xml 9 15149.0 9.04
3702445 Golden_06.xml 7 12820.0 4.56
3702445 Golden_05.xml 6 10500.0 1.89
3702445 Golden_04.xml 12 21534.0 20.91
3702445 Golden_03.xml 12 16680.0 12.29
3702445 Golden_02.xml 12 12238.0 6.89
3702445 Golden_01.xml 11 7840.0 3.14
3702445 CMT12.xml 10 968.0 0.52
3702445 CMT11.xml 8 1458.0 0.69
3702445 CMT05.xml 21 1790.0 1.91
3702445 CMT04.xml 14 1408.0 1.02
3702445 CMT03.xml 9 1068.0 0.54
3702445 CMT02.xml 12 1045.0 0.42
3702445 CMT01.xml 6 694.0 0.35
3702445 A-n80-k10.xml 13 2321.0 0.45
3702445 A-n69-k09.xml 11 1481.0 0.39
3702445 A-n65-k09.xml 11 1500.0 0.37
3702445 A-n64-k09.xml 10 1725.0 0.35
3702445 A-n63-k10.xml 11 1640.0 0.37
3702445 A-n63-k09.xml 11 2072.0 0.38
3702445 A-n62-k08.xml 9 1592.0 0.39
3702445 A-n61-k09.xml 11 1243.0 0.39
3702445 A-n60-k09.xml 10 1556.0 0.34
3702445 A-n55-k09.xml 11 1332.0 0.37
3702445 A-n54-k07.xml 8 1412.0 0.36
3702445 A-n53-k07.xml 8 1224.0 0.35
3702445 A-n48-k07.xml 8 1366.0 0.34
3702445 A-n46-k07.xml 8 1195.0 0.35
3702445 A-n45-k07.xml 8 1390.0 0.33
3702445 A-n45-k06.xml 9 1226.0 0.34
3702445 A-n44-k06.xml 7 1138.0 0.32
3702445 A-n39-k06.xml 7 1050.0 0.34
3702445 A-n39-k05.xml 6 1036.0 0.33
3702445 A-n38-k05.xml 6 909.0 0.33
3702445 A-n37-k06.xml 7 1096.0 0.32
3702445 A-n37-k05.xml 5 826.0 0.34
3702445 A-n36-k05.xml 5 894.0 0.34
3702445 A-n34-k05.xml 6 945.0 0.32
3702445 A-n33-k06.xml 6 837.0 0.32
3702445 A-n33-k05.xml 5 780.0 0.33
3702445 A-n32-k05.xml 5 1004.0 0.32
4621216 Golden_20.xml 39 2084.0 1.35
4621216 Golden_19.xml 34 1578.0 1.02
4621216 Golden_18.xml 28 1108.0 0.66
4621216 Golden_17.xml 22 774.0 0.60
4621216 Golden_16.xml 39 1880.0 1.43
4621216 Golden_15.xml 35 1501.0 0.96
4621216 Golden_14.xml 31 1194.0 0.74
4621216 Golden_13.xml 28 972.0 0.58
4621216 Golden_12.xml 20 1192.0 1.43
4621216 Golden_11.xml 18 963.0 0.99
4621216 Golden_10.xml 16 763.0 0.74
4621216 Golden_09.xml 15 590.0 0.52
4621216 Golden_08.xml 10 12835.0 1.20
4621216 Golden_07.xml 9 11655.0 0.83
4621216 Golden_06.xml 7 9698.0 0.63
4621216 Golden_05.xml 5 7330.0 0.49
4621216 Golden_04.xml 10 15644.0 1.35
4621216 Golden_03.xml 9 12144.0 1.04
4621216 Golden_02.xml 10 9121.0 0.66
4621216 Golden_01.xml 9 6055.0 0.49
4621216 CMT12.xml 10 909.0 0.32
4621216 CMT11.xml 8 1111.0 0.34
4621216 CMT05.xml 17 1496.0 0.43
4621216 CMT04.xml 12 1196.0 0.38
4621216 CMT03.xml 8 985.0 0.33
4621216 CMT02.xml 11 920.0 0.31
4621216 CMT01.xml 6 604.0 0.30
4621216 A-n80-k10.xml 10 1903.0 0.31
4621216 A-n69-k09.xml 10 1297.0 0.31
4621216 A-n65-k09.xml 10 1274.0 0.30
4621216 A-n64-k09.xml 9 1530.0 0.32
4621216 A-n63-k10.xml 11 1504.0 0.31
4621216 A-n63-k09.xml 10 1764.0 0.29
4621216 A-n62-k08.xml 8 1379.0 0.31
4621216 A-n61-k09.xml 11 1300.0 0.31
4621216 A-n60-k09.xml 9 1412.0 0.30
4621216 A-n55-k09.xml 9 1158.0 0.29
4621216 A-n54-k07.xml 8 1258.0 0.30
4621216 A-n53-k07.xml 8 1142.0 0.29
4621216 A-n48-k07.xml 7 1232.0 0.32
4621216 A-n46-k07.xml 7 997.0 0.31
4621216 A-n45-k07.xml 7 1250.0 0.33
4621216 A-n45-k06.xml 7 1014.0 0.30
4621216 A-n44-k06.xml 6 1029.0 0.30
4621216 A-n39-k06.xml 6 887.0 0.30
4621216 A-n39-k05.xml 5 883.0 0.27
4621216 A-n38-k05.xml 6 822.0 0.28
4621216 A-n37-k06.xml 7 1112.0 0.30
4621216 A-n37-k05.xml 5 741.0 0.30
4621216 A-n36-k05.xml 5 862.0 0.30
4621216 A-n34-k05.xml 6 889.0 0.30
4621216 A-n33-k06.xml 6 766.0 0.31
4621216 A-n33-k05.xml 5 743.0 0.27
4621216 A-n32-k05.xml 5 867.0 0.29
5403484 Golden_20.xml 38 2168.0 59.98
5403484 Golden_19.xml 33 1627.0 59.98
5403484 Golden_18.xml 27 1130.0 59.94
5403484 Golden_17.xml 22 797.0 59.95
5403484 Golden_16.xml 37 1911.0 60.00
5403484 Golden_15.xml 33 1577.0 59.96
5403484 Golden_14.xml 30 1313.0 59.96
5403484 Golden_13.xml 26 967.0 59.94
5403484 Golden_12.xml 19 1193.0 59.99
5403484 Golden_11.xml 18 935.0 60.00
5403484 Golden_10.xml 16 752.0 59.98
5403484 Golden_09.xml 14 590.0 59.95
5403484 Golden_08.xml 10 13630.0 60.00
5403484 Golden_07.xml 8 12055.0 60.00
5403484 Golden_06.xml 7 10846.0 60.55
5403484 Golden_05.xml 5 8610.0 60.28
5403484 Golden_04.xml 10 17307.0 60.02
5403484 Golden_03.xml 9 12912.0 60.93
5403484 Golden_02.xml 10 9226.0 59.98
5403484 Golden_01.xml 9 5863.0 59.97
5403484 CMT12.xml 10 1077.0 16.32
5403484 CMT11.xml 7 1321.0 28.34
5403484 CMT05.xml 17 1645.0 59.96
5403484 CMT04.xml 12 1195.0 51.46
5403484 CMT03.xml 8 931.0 31.29
5403484 CMT02.xml 10 984.0 6.89
5403484 CMT01.xml 5 554.0 2.81
5403484 A-n80-k10.xml 10 2053.0 8.23
5403484 A-n69-k09.xml 9 1333.0 10.06
5403484 A-n65-k09.xml 9 1377.0 3.73
5403484 A-n64-k09.xml 9 1595.0 4.96
5403484 A-n63-k10.xml 10 1466.0 3.51
5403484 A-n63-k09.xml 10 1810.0 4.77
5403484 A-n62-k08.xml 8 1459.0 4.84
5403484 A-n61-k09.xml 10 1143.0 9.12
5403484 A-n60-k09.xml 9 1488.0 5.30
5403484 A-n55-k09.xml 9 1154.0 3.32
5403484 A-n54-k07.xml 7 1378.0 3.87
5403484 A-n53-k07.xml 7 1134.0 2.48
5403484 A-n48-k07.xml 7 1228.0 1.88
5403484 A-n46-k07.xml 7 988.0 3.36
5403484 A-n45-k07.xml 7 1316.0 1.20
5403484 A-n45-k06.xml 6 1143.0 1.13
5403484 A-n44-k06.xml 6 999.0 2.32
5403484 A-n39-k06.xml 6 833.0 2.00
5403484 A-n39-k05.xml 5 856.0 1.26
5403484 A-n38-k05.xml 5 800.0 1.14
5403484 A-n37-k06.xml 6 1080.0 1.34
5403484 A-n37-k05.xml 5 767.0 1.58
5403484 A-n36-k05.xml 5 903.0 1.11
5403484 A-n34-k05.xml 5 789.0 0.96
5403484 A-n33-k06.xml 6 845.0 0.93
5403484 A-n33-k05.xml 5 726.0 1.50
5403484 A-n32-k05.xml 5 935.0 1.07
5475577 Golden_20.xml 40 2295.0 0.71
5475577 Golden_19.xml 35 1624.0 0.53
5475577 Golden_18.xml 28 1262.0 0.41
5475577 Golden_17.xml 23 929.0 0.32
5475577 Golden_16.xml 40 2083.0 0.86
5475577 Golden_15.xml 36 1704.0 0.64
5475577 Golden_14.xml 32 1371.0 0.46
5475577 Golden_13.xml 30 1119.0 0.32
5475577 Golden_12.xml 20 1217.0 0.93
5475577 Golden_11.xml 18 1039.0 0.70
5475577 Golden_10.xml 17 815.0 0.49
5475577 Golden_09.xml 15 645.0 0.35
5475577 Golden_08.xml 10 12929.0 0.79
5475577 Golden_07.xml 9 11411.0 0.62
5475577 Golden_06.xml 7 10056.0 0.40
5475577 Golden_05.xml 5 9194.0 0.29
5475577 Golden_04.xml 10 16068.0 0.97
5475577 Golden_03.xml 9 12126.0 0.71
5475577 Golden_02.xml 10 9328.0 0.48
5475577 Golden_01.xml 9 5822.0 0.32
5475577 CMT12.xml 10 884.0 0.15
5475577 CMT11.xml 7 1095.0 0.17
5475577 CMT05.xml 17 1561.0 0.24
5475577 CMT04.xml 12 1234.0 0.21
5475577 CMT03.xml 8 1033.0 0.16
5475577 CMT02.xml 11 952.0 0.14
5475577 CMT01.xml 6 700.0 0.14
5475577 A-n80-k10.xml 11 1940.0 0.15
5475577 A-n69-k09.xml 9 1375.0 0.14
5475577 A-n65-k09.xml 10 1442.0 0.14
5475577 A-n64-k09.xml 9 1552.0 0.14
5475577 A-n63-k10.xml 11 1532.0 0.14
5475577 A-n63-k09.xml 10 1851.0 0.14
5475577 A-n62-k08.xml 8 1466.0 0.15
5475577 A-n61-k09.xml 11 1362.0 0.14
5475577 A-n60-k09.xml 9 1533.0 0.14
5475577 A-n55-k09.xml 10 1234.0 0.14
5475577 A-n54-k07.xml 8 1376.0 0.13
5475577 A-n53-k07.xml 8 1225.0 0.14
5475577 A-n48-k07.xml 7 1217.0 0.14
5475577 A-n46-k07.xml 7 1092.0 0.14
5475577 A-n45-k07.xml 7 1245.0 0.12
5475577 A-n45-k06.xml 7 1109.0 0.16
5475577 A-n44-k06.xml 7 1092.0 0.14
5475577 A-n39-k06.xml 6 868.0 0.13
5475577 A-n39-k05.xml 5 902.0 0.13
5475577 A-n38-k05.xml 6 816.0 0.13
5475577 A-n37-k06.xml 7 1116.0 0.14
5475577 A-n37-k05.xml 5 863.0 0.13
5475577 A-n36-k05.xml 5 892.0 0.12
5475577 A-n34-k05.xml 5 830.0 0.13
5475577 A-n33-k06.xml 7 869.0 0.14
5475577 A-n33-k05.xml 6 724.0 0.13
5475577 A-n32-k05.xml 5 967.0 0.13
5755964 Golden_20.xml 39 1951.0 1.33
5755964 Golden_19.xml 33 1424.0 2.05
5755964 Golden_18.xml 27 1063.0 0.69
5755964 Golden_17.xml 24 739.0 0.49
5755964 Golden_16.xml 39 1787.0 3.16
5755964 Golden_15.xml 34 1474.0 2.04
5755964 Golden_14.xml 31 1186.0 1.75
5755964 Golden_13.xml 28 944.0 0.90
5755964 Golden_12.xml 20 1017.0 3.95
5755964 Golden_11.xml 18 833.0 2.52
5755964 Golden_10.xml 16 672.0 1.24
5755964 Golden_09.xml 14 526.0 0.51
5755964 Golden_08.xml 10 13252.0 3.29
5755964 Golden_07.xml 8 12379.0 2.14
5755964 Golden_06.xml 7 10515.0 1.09
5755964 Golden_05.xml 5 8037.0 0.64
5755964 Golden_04.xml 10 17646.0 2.40
5755964 Golden_03.xml 9 12545.0 2.94
5755964 Golden_02.xml 10 8856.0 0.94
5755964 Golden_01.xml 9 5623.0 0.89
5755964 CMT12.xml 10 826.0 0.12
5755964 CMT11.xml 7 1037.0 0.21
5755964 CMT05.xml 17 1351.0 0.51
5755964 CMT04.xml 12 1105.0 0.43
5755964 CMT03.xml 8 871.0 0.11
5755964 CMT02.xml 11 884.0 0.07
5755964 CMT01.xml 6 582.0 0.05
5755964 A-n80-k10.xml 10 1803.0 0.11
5755964 A-n69-k09.xml 9 1185.0 0.09
5755964 A-n65-k09.xml 10 1249.0 0.06
5755964 A-n64-k09.xml 9 1456.0 0.06
5755964 A-n63-k10.xml 10 1347.0 0.06
5755964 A-n63-k09.xml 10 1663.0 0.07
5755964 A-n62-k08.xml 8 1368.0 0.05
5755964 A-n61-k09.xml 10 1099.0 0.06
5755964 A-n60-k09.xml 9 1365.0 0.05
5755964 A-n55-k09.xml 9 1109.0 0.05
5755964 A-n54-k07.xml 7 1185.0 0.05
5755964 A-n53-k07.xml 8 1112.0 0.06
5755964 A-n48-k07.xml 7 1100.0 0.05
5755964 A-n46-k07.xml 7 925.0 0.04
5755964 A-n45-k07.xml 7 1197.0 0.04
5755964 A-n45-k06.xml 7 980.0 0.06
5755964 A-n44-k06.xml 7 997.0 0.04
5755964 A-n39-k06.xml 6 838.0 0.05
5755964 A-n39-k05.xml 5 879.0 0.04
5755964 A-n38-k05.xml 6 754.0 0.04
5755964 A-n37-k06.xml 6 960.0 0.03
5755964 A-n37-k05.xml 6 702.0 0.04
5755964 A-n36-k05.xml 5 805.0 0.05
5755964 A-n34-k05.xml 5 793.0 0.04
5755964 A-n33-k06.xml 7 774.0 0.03
5755964 A-n33-k05.xml 5 696.0 0.03
5755964 A-n32-k05.xml 5 832.0 0.02
6012153 Golden_20.xml 39 2101.0 60.18
6012153 Golden_19.xml 34 1554.0 60.07
6012153 Golden_18.xml 29 1122.0 60.11
6012153 Golden_17.xml 22 727.0 59.89
6012153 Golden_16.xml 37 1887.0 60.29
6012153 Golden_15.xml 34 1519.0 60.05
6012153 Golden_14.xml 30 1224.0 60.16
6012153 Golden_13.xml 26 937.0 59.97
6012153 Golden_12.xml 19 1204.0 60.36
6012153 Golden_11.xml 18 986.0 60.05
6012153 Golden_10.xml 16 809.0 60.17
6012153 Golden_09.xml 14 630.0 59.85
6012153 Golden_08.xml 10 12246.0 60.18
6012153 Golden_07.xml 9 10831.0 60.06
6012153 Golden_06.xml 7 8843.0 60.09
6012153 Golden_05.xml 5 6989.0 59.97
6012153 Golden_04.xml 10 14369.0 60.30
6012153 Golden_03.xml 9 11476.0 60.27
6012153 Golden_02.xml 10 8911.0 60.08
6012153 Golden_01.xml 9 5838.0 60.14
6012153 CMT12.xml 10 901.0 59.90
6012153 CMT11.xml 7 1247.0 60.04
6012153 CMT05.xml 17 1358.0 59.96
6012153 CMT04.xml 12 1045.0 60.04
6012153 CMT03.xml 8 839.0 59.91
6012153 CMT02.xml 11 867.0 60.01
6012153 CMT01.xml 5 521.0 59.88
6012153 A-n80-k10.xml 10 1968.0 60.01
6012153 A-n69-k09.xml 9 1212.0 59.89
6012153 A-n65-k09.xml 9 1184.0 60.03
6012153 A-n64-k09.xml 10 1525.0 59.91
6012153 A-n63-k10.xml 10 1399.0 60.02
6012153 A-n63-k09.xml 10 1737.0 59.89
6012153 A-n62-k08.xml 8 1391.0 59.92
6012153 A-n61-k09.xml 10 1103.0 59.88
6012153 A-n60-k09.xml 9 1403.0 60.00
6012153 A-n55-k09.xml 9 1078.0 59.89
6012153 A-n54-k07.xml 7 1246.0 60.01
6012153 A-n53-k07.xml 7 1052.0 59.88
6012153 A-n48-k07.xml 7 1113.0 59.99
6012153 A-n46-k07.xml 7 928.0 59.89
6012153 A-n45-k07.xml 7 1203.0 59.98
6012153 A-n45-k06.xml 7 977.0 59.87
6012153 A-n44-k06.xml 6 1005.0 60.03
6012153 A-n39-k06.xml 6 860.0 59.87
6012153 A-n39-k05.xml 5 873.0 60.02
6012153 A-n38-k05.xml 6 757.0 59.85
6012153 A-n37-k06.xml 7 1008.0 60.02
6012153 A-n37-k05.xml 5 679.0 59.90
6012153 A-n36-k05.xml 5 841.0 60.01
6012153 A-n34-k05.xml 5 785.0 59.91
6012153 A-n33-k06.xml 6 742.0 50.72
6012153 A-n33-k05.xml 5 678.0 59.93
6012153 A-n32-k05.xml 5 817.0 60.02
